m=1000;
b=50;
u=500;

kp=800;
ki=40;